- lat: 52.4238936
  lon: 31.0131698
  name: Homiel
  status: 200
- lat: 55.7504461
  lon: 37.6174943
  name: Moskow
  status: 200
- lat: 53.9024716
  lon: 27.5618225
  name: Minsk
  status: 200
- lat: 53.6834599
  lon: 23.8342648
  name: Grodno
  status: 200
